158 193 0.640148970639
206 210 0.896908139911
72 205 1.20510691637
73 193 -0.282234041722
183 203 0.00249426437968
98 203 -0.132411410648
26 201 -0.0101347382193
27 205 0.0412422641349
121 205 -0.231022743666
122 197 -0.678896568587
51 195 -0.166507627183
76 201 -0.00178568533549
4 203 0.200435054718
5 195 -1.24160200313
153 202 0.105772602848
100 199 -0.429309601918
178 194 -0.174808690161
125 201 -0.127795769761
131 200 -0.0840887607104
78 193 -0.112408893326
156 192 -0.344668871923
157 206 -0.442497833642
103 203 -0.050108050736
16 205 0.0908020370776
180 206 0.102928135785
19 200 -0.0190808102622
134 198 -0.730208218411
135 204 -0.496793658394
158 200 -0.308556658289
73 202 -0.0531931428566
183 192 -1.57204068864
98 194 0.856430362036
23 204 1.97180247412
27 194 -0.780697872001
122 204 -1.16904710777
51 200 0.401154300226
146 204 -1.30097302146
76 192 0.0138676149245
77 206 -0.636822590734
149 193 0.775332971901
5 204 -1.65456828094
6 202 -1.61438832343
100 206 0.479718009729
125 194 -0.18011397319
54 198 -0.183190914158
55 204 -0.0826274682985
203 207 -1.42245657504
132 193 0.276185155377
78 200 0.148948782874
157 199 -0.182469799177
103 192 0.0933578581025
16 196 0.229356313203
17 202 2.97743785888
181 193 -0.0633279746738
112 200 -0.807337306316
20 193 -1.28185214835
135 197 0.0587643899346
66 204 -0.144029976577
159 195 -0.499006277404
23 197 0.515125702259
192 207 -1.57460329622
52 193 0.00675538299674
146 199 0.418674528058
77 199 -0.132766183205
149 202 -1.22209544946
150 200 0.506241502868
6 205 -0.681755653174
101 193 0.00927482404663
174 194 1.6419891768
30 199 -0.664557930339
55 197 -0.230893970234
132 200 -0.0512952414687
79 195 -0.355439545885
157 192 -0.360699870762
17 195 -0.545417297758
181 202 -0.372806551361
182 200 -0.917460964042
20 200 0.942351546952
21 198 -2.96707665366
41 197 0.0339933624038
135 194 0.169507831343
66 199 -0.223463556008
159 200 -0.156719021357
144 202 0.26017928513
147 199 -0.133289035421
168 192 -3.32075589408
23 194 1.18728890931
123 196 -0.623090053784
32 202 1.0444319872
52 200 0.120874348409
77 192 0.52335705812
150 195 -0.321604087167
6 196 0.690851743992
171 202 0.580896340958
101 202 -0.17314656995
102 200 0.201998465144
174 197 -0.8692245012
30 206 0.337363565372
31 196 -0.168437476434
196 210 1.62723442043
126 194 0.0578058236158
55 194 0.667595322865
79 200 -0.282525186845
64 202 0.245858250387
88 192 -0.469478651301
17 196 -0.806268599411
18 202 -1.33164778193
182 195 1.25233851921
112 198 0.0494917713084
113 200 -0.616449227953
41 206 0.0821885121644
42 196 0.107001776312
144 193 0.0722769568395
91 202 -0.134654537435
147 204 -0.339263624519
148 198 0.0519000390033
168 199 0.349145341226
45 202 0.0866042166216
32 193 -0.399952171575
151 200 0.0596057449104
171 195 -0.603159804201
102 195 -0.39430024173
174 204 -0.122377843643
175 198 -0.343557131296
31 205 0.143482879226
126 197 -0.233829675005
64 193 0.0693448624855
137 192 0.0226775477633
88 199 -0.0765186507834
162 200 0.190743276048
18 197 0.0719248803002
113 193 0.0405362471586
21 200 -0.274139476804
22 206 -0.191488426251
46 192 -0.154890319854
145 206 0.109416371218
91 195 -0.376044163717
148 205 0.082399831216
168 206 0.946433962365
169 192 -0.0350266527341
8 194 0.15307075884
45 195 -1.08489356955
33 206 0.222672462235
57 192 -0.419580185203
151 193 -0.156464382873
172 202 -0.318131610695
11 204 -0.618340023854
31 202 -0.400866716011
126 204 -0.207956540023
127 198 -0.245707102919
40 194 0.13942098507
65 206 -0.12071251966
137 201 0.225915204636
88 206 -0.0100922032872
89 192 -0.165078251015
162 195 -0.691492219965
114 200 0.093441104382
22 193 -1.60216839637
187 201 0.0193785616218
43 204 0.334105964508
46 203 0.12989108165
67 194 0.101204299327
141 205 -0.593621641344
145 199 0.0314495491257
92 202 -0.13295090955
169 201 0.161796719735
116 192 -0.394756158919
8 201 -0.00776091772821
33 199 -0.459662138929
70 204 0.241099236097
57 201 -0.116195631165
172 193 0.251071416448
173 205 -1.19324088117
11 197 -0.992109803893
12 205 -0.114964040128
160 206 -0.0078035731434
196 207 -1.81543726795
184 196 0.203615750797
40 201 0.0840316526863
61 205 0.257943349387
65 199 -0.0508512396953
138 192 0.349524961798
89 201 0.142734650829
114 195 -0.229207017045
187 206 -0.31093239299
43 197 0.16196994554
44 205 0.463901030191
47 192 -1.54304490352
67 203 0.129371380312
141 198 -1.22198442183
92 193 0.0766655514074
93 205 -0.867004272269
170 192 4.7763862824
117 199 0.272266042242
9 198 -1.34253411034
34 198 -0.206815096254
70 199 0.040229741943
58 192 -0.129734064604
95 197 1.62724154925
173 198 -1.37361978365
12 196 0.756719373451
160 197 0.0662405020781
161 201 -0.0314651760534
36 194 -0.331743885558
184 203 0.0554253008792
185 195 1.93524538819
61 198 -0.212892963444
138 203 0.126046712018
139 203 0.105982389319
90 192 -0.130601010956
163 193 0.270169889552
187 199 0.0190126905556
44 196 -0.461586629737
47 201 -0.0217216204788
68 194 0.840957830627
93 198 -1.84104659515
166 201 0.0112596875025
170 203 -0.0723805886474
117 192 0.899052471819
10 199 0.139436198394
34 193 0.0967582548192
71 196 -1.55911023859
58 203 0.000953142981691
59 203 0.0519980769485
95 194 1.06873780408
136 198 -0.145685705439
83 193 -0.4337144855
12 195 0.645640495073
13 203 0.00175004232884
161 194 -0.724440438522
36 201 -0.0417122846379
37 197 -0.276797136681
185 196 -0.0678858107158
139 192 0.0808874795444
86 201 0.168426702238
90 203 -0.0409025757635
15 199 -1.16027570128
163 198 -0.135190169791
115 193 -0.467770350442
188 198 -0.201297835852
44 195 0.290980715024
68 201 0.075899270714
69 197 -1.12553699131
56 198 -0.0820382672437
166 192 -0.208335346395
117 201 0.0936513541507
118 201 0.0487902147651
10 206 0.306197602534
200 208 -1.31578310728
59 192 -0.0817276362706
95 203 -0.429645885825
80 203 -0.106309680154
136 205 0.133599172957
83 198 -0.573866694156
104 193 -0.762846867335
13 196 -0.0614210755929
199 210 0.354449563261
37 206 -0.0863015644142
185 205 1.09329929914
186 197 -2.0720106699
140 201 0.131098380167
86 192 -0.537579566828
15 204 0.692650310238
164 199 -0.426304887146
115 198 -0.105583709093
189 201 0.267199773434
69 206 -1.47359738921
142 193 -0.0992876942891
56 205 -0.0683543994707
167 203 -0.423697797539
118 192 -0.185170325013
10 201 0.224275745755
191 193 2.16701795404
195 207 -1.72952321018
35 195 -0.504699198837
129 205 -0.349127184261
60 201 -0.0191214012665
80 194 0.82932817813
84 199 -0.187027551379
104 200 -0.0102071947154
186 204 0.605483271152
62 193 -0.324677813098
140 192 0.292311203008
87 203 0.103141684076
108 204 -0.371521034697
0 205 0.35189512396
164 206 0.421226981507
111 193 -0.156632841679
24 195 0.688978818167
189 194 1.33686370099
49 205 -0.627477416348
142 200 -0.580499284796
94 193 0.216637605715
167 192 0.0819514484735
119 203 -0.162740969806
191 206 1.93575727473
176 200 -0.510636091624
35 200 0.519006778208
201 208 -1.97442813196
129 198 -0.217381155444
130 204 0.0647672745302
60 192 -0.593191262928
81 205 0.0108405885008
154 198 -0.430801793192
84 206 -0.164472479453
105 199 -0.421071606504
38 198 0.231497559457
39 204 -0.15008152329
62 200 -0.0529576555458
87 192 -0.303228966676
108 203 0.00508866279761
0 196 -1.31691660523
1 202 0.288117871489
165 193 0.0903227261437
111 206 -0.732029758537
96 200 -0.785056053703
24 202 -0.553581025251
49 198 -0.177068616507
50 204 -1.08396980309
143 195 1.89340961218
74 198 -0.821108998001
94 200 -0.870873594566
119 192 -0.957864929593
28 206 0.270655366703
130 199 0.213901371194
81 198 0.107665609628
82 204 -0.643297380408
154 193 -0.0495839661892
85 193 -0.657886042234
105 200 -0.120083038637
106 198 -0.382135063428
14 199 1.91399434965
39 197 0.242296885746
204 209 -2.25795680426
63 195 -0.0986718875265
108 194 0.252205565166
109 204 -0.262249028149
1 195 -0.734333850347
165 202 0.711347764916
25 197 -0.0872795402128
190 194 -0.52538415787
120 197 0.785966173178
50 199 0.874093998079
143 200 -0.952490924902
128 202 -0.461275415407
74 193 -0.856577360516
3 199 -2.13332246908
152 192 0.874794215938
28 197 0.00127720327251
176 198 -1.04653829671
177 200 0.83343096457
202 208 -2.22416432
82 199 -0.15863187287
154 200 -0.467176783989
155 202 -1.22361462445
85 202 -0.222398047105
106 193 -0.101222909147
14 206 -0.518009560335
179 192 2.57181504587
110 194 0.206312403491
39 194 -0.436231574384
133 196 -0.210871978178
63 200 -0.112866934846
48 202 0.225404730255
72 192 -1.27891005751
109 197 0.0647651000401
1 196 -0.212244234016
2 202 2.91660023859
96 198 0.647438216573
97 200 0.314538056556
25 206 -0.0157069117588
26 196 1.93093777717
190 197 0.571839930988
120 204 0.0747745011734
121 194 -0.0151351374527
128 193 -0.452958356448
74 200 2.02890113659
75 202 -0.0547615617865
3 204 -0.246152719812
4 198 0.084909524295
152 199 0.332860412291
99 192 -0.201705172207
29 202 1.09575605474
177 193 -0.771993382811
124 200 0.239286500274
53 196 0.736128036244
7 200 -0.135967999789
155 195 0.268808783257
106 200 -0.440609345282
107 202 -0.682440169785
179 201 -0.114065124768
110 197 -0.105231540506
205 207 2.02497771315
133 205 -0.0680784281516
48 193 0.100508792923
72 199 -0.709673291772
2 197 -2.30326352449
183 205 0.0381841536305
97 193 0.184064750818
190 204 1.2522933083
121 203 0.181313825881
75 195 0.0984429305909
4 205 -0.475158777385
152 206 -0.372308197181
153 192 0.0552815906545
99 201 -0.0777633719769
29 195 0.0916820739718
178 200 -0.0190524657162
124 199 -0.13357991609
53 205 -0.486156654174
203 208 -1.75482039819
131 194 0.53915076893
7 193 -0.636187138529
156 202 0.71430872336
103 205 0.264993898471
107 195 -0.452240635177
179 206 -0.381389241815
180 192 -1.19795751506
110 204 -0.406271165972
19 194 -0.173383445708
134 204 -0.641614342395
158 198 0.34659025104
72 206 1.02456263535
73 192 -0.0319471526511
183 202 0.22545384033
98 200 1.75331808412
27 204 -0.246799411528
121 204 -0.146551734057
122 194 0.0492358771027
51 194 0.237025452565
76 202 -0.347564106804
149 199 0.194769777906
5 194 0.266878630995
153 201 -0.14006709583
99 206 1.10836381488
100 192 0.0327250689023
178 195 -0.0491470053255
125 200 0.709904133765
54 204 0.190912456201
131 203 -0.112655335818
78 198 -0.030154514575
156 193 -0.121691119155
157 205 0.365530099908
103 202 -0.275403581438
16 206 -0.322435678907
181 199 -0.161803521638
19 203 0.154811501747
134 199 0.19330761668
158 201 0.00813794890241
159 197 -0.479054132738
73 201 0.181671707916
183 195 -1.0466235038
98 195 -0.960366959588
27 197 -0.0700975659102
122 205 -2.79770536385
123 201 0.00946516674391
51 203 0.0127065237757
146 205 -3.12297886364
76 193 0.0648086357124
77 205 -0.683616172519
149 192 1.27027570961
5 203 -0.255704725399
6 203 0.19732078068
101 199 -0.255314037526
125 193 -0.304142380515
54 199 -0.0253449699783
132 194 0.331425758762
78 201 -0.271798937984
79 197 -0.323818981003
157 198 0.143585682776
103 195 -0.358531790615
16 197 -0.220807586891
17 201 0.0192111761679
181 192 0.0934312001938
112 201 0.0413921050408
20 194 0.593253222622
41 195 0.17838557152
135 196 0.221170914204
66 205 -0.455127407946
159 194 0.666985974198
147 193 -0.00531436974016
23 196 -2.72721003103
123 206 0.980200330467
52 194 0.407314376974
146 196 3.16246142574
77 198 -0.139030347049
149 201 -0.131318865002
150 201 0.1712768609
6 194 -1.60575957261
101 192 0.391354146345
174 195 -0.673527955555
30 196 -0.180138576973
55 196 -0.0835705385134
132 201 -0.105903607065
79 194 0.502533812286
17 194 0.353605256088
181 201 0.165043300869
182 201 -0.050523008296
112 192 -0.126435788202
20 201 -0.0970217546572
21 197 -0.302076146369
41 196 0.0811154889089
66 196 0.324341669377
159 203 0.117483403145
144 203 0.221798357931
147 198 0.233452298903
168 193 -0.442478744136
193 207 0.270413695312
123 199 -0.240277021563
32 203 0.0281081093272
52 201 0.203951783065
150 192 0.0624029991496
6 197 0.683411904298
171 205 -0.0180849818367
101 201 -0.0199137385643
102 201 -0.16386701632
174 202 0.453130236562
31 199 -0.218450088766
126 195 0.0823658755099
79 203 -0.0190281052448
64 203 0.146811485835
88 193 -0.408197145865
162 206 -0.709476355659
18 203 0.284051945118
182 192 2.16114448368
112 199 -0.14921913372
21 206 -1.68130644237
41 205 0.30114229244
42 197 0.0731494577628
144 194 0.674188911871
91 205 -0.26146957087
148 199 -0.00705092306962
168 200 -0.700345069016
45 201 0.0405855174753
32 194 0.727515238517
151 203 0.241284269497
171 194 1.50572325491
172 204 -0.40559232941
102 192 0.349956578954
174 205 -0.295908681536
175 193 0.154592569929
31 204 0.385001915378
126 202 0.24988626336
64 194 0.445258120381
137 199 -0.0816137465403
88 200 -0.815802644872
162 201 -0.0185711569542
18 194 -1.37802790472
113 192 0.0778769488721
114 206 -1.14895936838
42 204 0.272031465231
46 193 -1.1086063522
145 205 -0.659167003996
91 194 0.575379101458
92 204 1.04114781214
148 206 0.540499615309
169 199 0.212082940168
8 195 -1.23674605062
45 194 -1.10119280591
33 205 0.535307839549
70 202 0.20263841978
57 199 -0.177406931631
151 192 0.0840346807865
172 203 0.0530908087305
175 206 0.121231842996
160 200 -0.293061982087
126 205 0.0408645480353
127 193 -0.155962294255
40 195 0.00582675926773
65 205 0.512158592906
137 200 -0.345064310708
138 198 -0.627367213798
89 199 -0.16700848065
162 192 -0.170607728443
114 201 -0.230962482365
22 198 0.592905405139
187 200 -0.22546138416
46 200 -0.334892911559
67 197 -0.0226137752497
141 204 -0.306368066574
145 198 -0.422835390511
92 203 -0.061542846418
169 200 -0.0753350863449
170 198 -3.15762698959
116 193 -0.346204454447
8 202 3.16118167987
193 210 -1.61240737132
195 210 -1.0383331138
33 198 -0.0937816480155
34 204 -0.333721253939
70 205 -0.319326187437
57 200 0.163780436359
58 198 -0.276002678513
192 210 1.30643306413
172 194 0.230093825992
173 204 -1.51774710561
11 196 -0.20486616956
12 206 0.126680061141
127 206 -0.0622853635069
36 196 0.20139107883
184 197 0.28994287961
40 202 0.000341489429269
61 204 -0.252914668812
65 198 0.193185079779
138 193 0.172441276155
89 200 -0.749211878891
90 198 -0.404923187322
114 192 -0.044338826838
187 193 0.493681302556
43 196 0.152097486966
44 206 0.527372987976
47 195 1.04428296117
67 202 -0.197424791458
68 196 -0.488437187743
141 197 -1.08554383165
92 194 0.840423967618
93 204 -0.720473256687
170 193 2.93760065968
116 200 0.101522274718
117 198 -1.70472370039
9 197 0.658176937199
34 199 -0.0511432093655
70 196 -0.295196731768
71 206 2.45874849043
58 193 -0.00201258199343
95 196 -1.82236110512
136 192 -0.643256174691
173 197 1.34635390231
12 197 0.655769149642
160 198 0.00574244449392
161 200 -0.445027384937
197 207 -0.931882899539
36 195 -0.0348394677017
184 204 -0.00908180141032
185 194 -2.6632017425
61 197 -0.560876453589
138 200 -0.193984847494
139 202 -0.168832302122
90 193 0.295997399523
163 192 0.102324131566
187 198 -0.497213378354
188 200 -1.29840035881
44 197 0.48884983531
47 200 -0.145377548289
68 195 0.657404036059
56 192 -0.0326987935897
93 197 -0.835828760372
166 206 -0.401690190311
170 200 0.829239558701
9 206 0.718993963798
10 196 0.190125366805
194 210 1.53684620646
71 199 -0.0381582952231
58 200 0.0162479949434
59 202 0.319793788889
95 205 1.05144875624
136 199 -0.112384170394
83 192 -0.121312225545
13 202 0.367236188008
161 193 0.670010993946
36 202 -0.545548329866
37 196 0.359481833988
185 203 -0.215983025966
139 195 -0.11660896225
86 206 0.20552336127
90 200 0.36097257109
15 198 -1.56883911285
163 201 -0.0153836688346
115 192 -0.331986547027
188 199 -1.19084706392
68 202 0.0979857953541
69 196 0.545228022043
56 199 0.161110586156
166 193 0.137057323605
167 205 1.0154597766
117 200 0.746137426068
118 206 0.377025998679
200 209 -1.18271166706
129 203 -0.00653590146223
59 195 -0.212367143672
95 202 -0.368524617174
80 204 -0.716673458192
136 206 0.0728403602734
83 201 0.361036936014
104 194 0.405130193412
13 195 -0.0258073841031
37 205 0.559902091937
185 204 -0.0620877938872
186 194 1.75317686856
140 202 -0.04907195884
86 193 -0.620625663789
87 205 -0.0518299015882
163 206 -0.379666397692
164 192 0.903731503283
115 201 -0.0667525417298
189 200 1.40008020084
49 203 0.181631133796
69 205 -0.968828648431
142 198 0.117067836128
56 206 -0.317425097316
167 202 -1.67255651974
118 193 -0.151237842098
119 205 1.15301414116
191 192 0.925726220883
35 194 0.439678710208
129 204 0.0311469556819
60 202 -0.406475595348
80 195 -0.191281685377
81 203 0.0884024085543
83 206 -0.437446058033
84 192 -0.490350873554
104 201 0.0474865190862
38 204 -0.681819697768
186 205 -0.2081649286
62 198 -0.190524507405
140 193 0.0216324297178
87 202 -0.599545677577
108 205 -0.215713698012
0 206 1.66878622644
165 199 0.679781620076
111 192 0.105362566855
115 206 -0.385950387424
24 196 -1.65869917039
189 193 -0.396854523335
49 204 -0.697493600969
142 201 0.0357614092812
143 197 1.94094537875
94 198 0.00717811644184
167 195 2.13331267395
119 202 -1.07887381033
191 201 -0.699319818747
176 201 -0.219525990258
35 203 0.0273272372274
129 197 0.0236320509552
130 205 0.0217744991385
60 193 -0.160490728847
81 204 -0.223383962592
154 199 -0.112124188974
85 199 -0.056167874115
105 198 -0.0197272446125
38 199 -0.00975149563933
62 201 0.107518215077
63 197 -0.49875206444
87 195 -0.0730103785331
108 196 -0.108627176662
0 197 1.40255145428
1 201 0.164860983585
165 192 -0.0419025012123
111 201 -0.0842270702725
96 201 -0.0764293757909
24 203 0.086305860622
25 195 -0.224459222687
49 197 -0.405136343511
50 205 -2.989624311
143 194 -0.0222443513912
74 199 0.811381057045
94 201 -0.100757948754
3 193 0.0975151806091
119 195 1.78050082484
176 192 2.86810993958
130 196 -0.217304981499
81 197 -0.367434820149
82 205 0.0791692269128
154 206 -0.17946543816
85 192 -0.606908788671
106 199 -0.194958621774
14 196 -0.796418714755
39 196 -0.0996174235628
204 210 0.631693783869
63 194 0.164366816702
108 195 0.148153893815
109 203 -0.139396720197
1 194 -0.73504509087
165 201 0.0793453916385
96 192 -1.68542865953
25 196 -0.359538250873
190 195 0.279504598367
120 198 0.521956517702
50 196 2.63990113758
143 203 -0.354834750974
128 203 -0.035520261761
74 206 -1.40952888201
3 198 -0.982869121974
152 193 0.35803931919
28 198 -0.235625519243
176 199 -0.369819304026
202 209 0.742395758285
82 196 -0.0260464720424
154 201 0.0347137549981
155 205 0.736894831163
85 201 -0.0346651858364
106 206 -0.201979051385
179 195 1.06136615485
110 195 -0.122972987361
133 195 -0.22151132649
63 203 0.0961873161313
48 203 0.212452925006
72 193 0.312116673502
109 196 -0.348938273869
2 203 -0.523894944188
96 199 -0.76099246042
25 205 -0.446942162926
26 197 -0.934823040248
190 202 -0.708326877008
120 205 1.30744333656
121 193 0.0236160461698
128 194 0.00589858107076
74 201 0.0872388558266
75 205 0.523490915349
4 199 0.0399442091692
152 200 0.172961479228
99 195 0.211526405277
29 201 -0.0453486892186
177 192 -1.1113328785
178 206 0.125417049589
124 201 -0.0236069286474
53 195 0.379894448353
7 203 0.119374069774
155 194 -0.303836933021
156 204 -0.0196207492176
106 201 0.0711492573421
107 205 -0.261341290863
179 200 -0.70288275845
110 202 -0.461327069135
133 204 -0.476389664883
134 202 -0.525629082478
48 194 -0.295782103888
72 200 -0.703348681624
2 194 0.567598428446
183 204 0.374896149054
97 192 -0.191996302854
98 206 -1.25377845223
26 204 -0.946011262952
190 205 0.582911177669
121 202 -0.552134790511
75 194 0.21691862825
76 204 -0.176325410991
4 206 0.218300597272
153 199 -0.139578890691
99 200 0.0920928321865
29 194 0.496600788587
178 201 0.205816146653
124 192 -0.0522897654056
125 206 -0.588872361178
53 204 -0.484062326245
54 202 -0.772542208149
131 197 -0.221074426261
7 192 0.0274177571871
156 203 0.0917387136709
103 204 0.0687374572573
107 194 0.263658989248
16 200 0.348340867087
180 193 -1.11939747403
110 205 0.640136086037
19 197 -0.227461279003
134 205 0.0740033651598
158 199 -0.240732605149
73 199 0.071883207522
183 197 -1.3803727341
98 201 0.0561491466215
122 195 -0.344483333545
51 197 -0.332520258294
76 203 0.0779355563636
149 198 -0.0555101964966
5 193 -1.69650534831
153 200 -0.156849818282
100 193 0.189921081647
178 192 0.354472084312
125 199 0.105602766717
54 205 0.201697185305
131 202 -0.7471940656
132 196 0.0702354273581
78 199 -0.0598751112889
156 194 0.529925011359
157 204 -0.219993462494
103 197 -0.209656890286
180 200 0.78060927139
181 198 -0.683097814471
19 202 0.0483275796526
20 196 -1.1887775613
134 196 -0.0781716347274
135 206 -0.235438147808
158 206 -0.144900955386
159 196 0.404823696463
73 200 0.382789757615
183 194 1.56459086675
98 192 1.5934207736
23 206 2.20392336424
27 196 -0.511635814195
122 202 -1.52835825464
123 200 0.345366422556
51 202 -0.0180121958617
52 196 -0.192347076711
146 202 -2.16861282136
76 194 0.628486118501
77 204 -0.563045624241
5 202 3.39201281026
6 200 -1.42780949918
100 200 -0.194955992627
101 198 -0.244256624869
30 194 -0.787739351459
125 192 0.970635598749
54 196 -0.193247785436
55 206 0.237958426673
132 195 -0.026652254956
78 206 0.17874293314
79 196 -0.355229379972
157 197 -0.00762189777859
103 194 0.0435965011394
16 198 -0.24796941397
17 200 1.4957495199
112 202 0.130043538854
20 195 -0.0451173268233
41 194 0.901437492407
135 199 -0.191379296856
66 202 -0.389411820029
159 205 -0.103453794654
147 192 -0.737333778979
23 199 1.06908537947
123 193 -0.658129284673
52 195 -0.044755773347
146 197 -0.451430506617
77 197 0.130598505706
149 200 0.569220358939
150 206 0.0261104239746
6 195 0.384395972591
174 192 -1.31923125441
30 197 -0.0566211309012
55 199 -0.0793315624604
132 202 -0.0936551491734
79 205 0.213314745483
17 193 -1.05543504718
181 200 -0.324575349227
182 206 0.0195037483976
112 193 -0.314891397516
20 202 2.47220523857
21 196 0.661850565973
41 203 0.0010931589826
66 197 -0.203336684532
159 202 0.543173548384
144 204 -0.0931656650781
147 201 0.123302989274
168 194 1.3055798764
123 198 0.089394413572
32 204 0.0153077747427
52 202 -0.0612107465819
150 193 -0.330982572984
151 205 0.308108274019
171 204 -0.16920628052
101 200 0.0469175865287
102 206 0.279609084545
174 203 0.21272988599
30 204 0.629561653286
31 198 0.127483659723
126 192 0.154432438048
79 202 -0.355763397429
64 204 -0.623766498928
88 194 0.355318323217
18 200 -0.707926058178
182 193 2.2180495836
113 206 -0.158282528313
21 205 -0.586803516058
41 204 -0.264016355578
42 194 -0.649599818596
144 195 0.290984058497
145 203 0.264550533017
91 204 0.135634416151
147 206 0.996919507103
148 192 -0.204672500252
168 201 0.196339277443
45 200 0.602523940249
194 207 -0.738160680273
32 195 -0.206910095265
33 203 -0.173843211398
151 202 0.0380902658426
171 197 -0.583946900346
172 205 -0.478276735376
102 193 0.00581090970003
11 201 0.0262230800299
175 192 0.246421411977
126 203 0.0232826824934
64 195 -0.333732282561
65 203 -0.0356498917979
137 198 -0.227790931887
88 201 0.00721190457405
162 198 -0.0346918671811
18 195 0.0937465150341
113 199 0.104776857277
22 204 0.670005370999
42 205 -0.244243984864
43 201 0.00666154576701
46 198 0.0138858802012
145 204 -0.354503156768
91 197 -0.274966487887
92 205 0.230391882731
169 198 -1.14075311002
8 196 0.247616872244
45 193 -0.134779476185
33 204 0.1422635882
70 203 0.191246058056
57 198 0.051281197866
151 195 -0.244213185711
172 196 -0.437705956654
11 206 -0.506300401083
175 201 0.238971059361
160 201 0.0976443990482
127 192 0.0503993374237
40 196 0.136371907858
65 204 -0.144094450548
138 199 -0.299237364448
89 198 -0.25758359916
162 193 0.2837631722
114 198 -0.297321064168
22 199 -0.41366945506
187 203 0.136366514625
43 206 -0.764595041352
46 201 0.196633523
47 197 1.14299749051
67 196 0.0529968874554
141 203 0.317137803384
145 197 -0.370343020225
92 196 -0.342769284014
170 199 -0.143834522823
116 194 0.253311394569
8 203 -0.268609514885
9 195 0.492378473147
193 209 1.9113704289
33 197 0.0337714405076
34 205 0.756942990005
70 194 0.400099408927
58 199 -0.128357947772
172 195 -0.20690715601
173 203 -0.212503508519
11 199 1.75500048528
160 192 -0.308347022954
127 201 0.0740500074389
36 197 -0.0956551977319
184 198 0.0112394303603
40 203 0.176897069505
61 203 0.0355327127551
65 197 -0.31847679971
138 206 -0.992941871121
90 199 0.40779913507
114 193 -0.143759352616
187 192 -0.111778306775
43 199 -0.55769437358
47 194 1.54392928276
67 205 -0.199759796762
68 197 0.530962592275
141 196 0.777643955988
92 195 0.274363960409
93 203 0.327941136234
170 206 -1.58975971334
116 201 0.138741636605
117 197 -1.0235607097
9 196 0.556248724336
34 196 0.0315005946945
70 197 0.0665183230494
71 201 0.0518441640213
58 206 -0.286428547147
95 199 -0.354038436967
136 193 -0.665961443447
173 196 1.17662176717
12 198 -1.12326535352
160 199 -0.209289866159
36 204 -0.359017612273
184 205 0.47348272367
185 193 2.33870677566
61 196 0.0438565132324
138 201 -0.0926881960017
139 205 -0.00639559677058
90 206 -1.188931084
163 195 -0.230031017813
188 201 -0.47692128094
44 198 1.29269016207
47 203 -0.57883419015
68 204 1.19213913287
56 193 0.232444548638
93 196 0.424637602013
170 201 -0.295602676863
117 206 -1.26899924693
9 205 0.00896993050183
10 197 -0.253231757744
71 198 2.61786054322
58 201 0.0261613801728
59 205 0.559367061988
95 204 2.00049197645
136 200 -0.395640571146
83 195 -0.355364435055
13 201 0.161240028232
161 192 0.397250583302
198 207 1.38138509181
36 203 -0.0452940973563
37 195 -0.313069609055
185 202 -1.70079318244
139 194 -0.05548843384
140 204 0.685500133296
90 201 -0.248519732049
15 193 0.074461327259
163 200 0.00407838340168
115 195 -0.110527911358
188 192 1.70218633796
189 206 -1.85231043215
68 203 -0.121072704597
69 195 -1.26359394441
56 200 0.21325233198
166 198 -0.0571039275808
167 204 2.52416773207
10 204 -0.111480718933
200 210 0.820121197715
129 202 -0.0232797040022
59 194 0.824676083078
60 204 -0.0371614766194
80 205 0.131282632009
83 200 -0.513819431713
104 195 -0.461692791262
13 194 -0.404028514037
37 204 -0.597902127753
38 202 0.409683152209
186 195 -1.72533663055
140 203 -0.0858180970297
86 198 -0.67171197844
87 204 -0.200787433653
15 206 -0.274869903924
0 200 -2.53017532796
164 193 1.00680367219
115 200 -0.317153937349
189 199 1.26070444735
49 202 0.230276230103
69 204 -0.648877447714
142 199 -0.218169194528
167 197 2.35833607657
118 198 -0.120481351204
119 204 2.96307200683
191 195 3.67797617667
35 197 -0.271234506816
129 195 0.144088883999
60 203 0.0968798390867
80 196 -0.40837888825
81 202 0.344439687713
84 193 -0.270991760067
104 202 -0.504888935501
38 205 0.551063264454
186 202 0.541064725516
62 199 -0.280404641337
140 194 -0.416922968193
87 197 0.0325161894587
108 206 -0.305531463606
164 200 -0.171559698529
165 198 -0.758203903838
111 195 0.219645625985
24 197 1.04735490717
189 192 -0.629258571006
49 195 -0.248537504594
142 206 -0.215395242079
143 196 -1.28496755997
94 199 0.0402921230993
167 194 -1.028052895
119 197 1.59206055819
191 200 -2.27509089451
176 202 -1.14975422924
35 202 0.8404108665
129 196 0.026770380437
130 202 -0.20698195247
60 194 0.25779653143
81 195 -0.216998488269
154 196 -0.335229399826
84 200 0.107824447859
85 198 -0.240785074967
105 197 -0.0725525615404
14 194 0.561814675187
38 196 0.647669667135
39 206 -0.266309907423
62 206 -0.268947535873
63 196 -0.152718193306
87 194 0.175776230032
108 197 0.282409135075
0 198 -0.518800526528
1 200 0.220341136818
111 200 -0.566230573405
96 202 0.794136985335
24 204 -0.352240808032
25 194 -0.245943705203
120 192 -1.60682820012
49 196 0.0600116614949
50 202 0.0272780658567
143 205 1.0961745621
74 196 2.82982592748
94 206 0.148067289722
3 192 0.726670554754
119 194 0.901147671112
28 200 0.144080835809
176 193 2.50903376921
130 197 -0.114040766811
81 196 -0.0317482048165
82 202 0.148429063797
105 206 -0.0615039730185
106 196 0.116296838285
14 197 -0.783287170325
39 199 -0.909122601326
63 205 0.138805577888
109 202 0.0266367193301
1 193 -1.13753491929
165 200 0.915527237783
96 193 0.392296493918
25 203 0.0838925003065
190 192 -0.0194074961267
120 199 -1.01426821282
50 197 -0.868192554249
143 202 -1.30409841547
128 204 -0.621882735081
3 201 0.126997664883
152 194 -0.298863169488
28 199 -0.20051494339
177 206 0.348501302575
82 197 -0.631643147137
7 205 -0.147393858737
155 204 0.0422196813766
85 200 -0.394395240278
14 204 -0.601155456569
179 194 -2.6218587048
110 192 -0.319964761136
133 194 0.163011150193
63 202 -0.0448491691016
48 204 -0.285246475541
72 194 -0.218541585196
109 195 0.0370669984393
2 200 3.89261636387
97 206 0.0394185362456
25 204 -0.664916734453
26 194 1.03003349277
190 203 0.021102120619
120 206 1.11463324527
121 192 -0.0327746154877
128 195 0.112827925409
75 204 -0.248116392948
3 206 1.28527286027
4 192 -0.263677724691
152 201 0.0547010676758
99 194 0.247044391742
29 200 1.16361859692
177 199 0.593730163136
124 202 0.243788612906
53 194 0.762241018436
7 202 0.204860004285
155 197 0.230502450511
156 205 0.0666524341027
107 204 -0.52435498043
179 203 -0.0324940907701
110 203 0.0873822374412
133 203 -0.0848873010178
134 203 0.0426812341172
48 195 0.746108692667
72 201 -0.00242348131556
2 195 -2.20273500155
97 199 -0.0803277612852
26 205 -2.68715355928
27 201 0.0622807105298
121 201 0.00907479191951
75 197 0.0113801972695
76 205 -0.00639323563564
5 199 2.81147867797
153 198 -0.0343111716062
99 203 0.142498345019
29 193 -0.590871180283
178 198 -0.995609006091
124 193 -0.435956294504
125 205 -0.58470787566
53 203 0.00963729380307
54 203 -0.159161753773
203 210 -1.19900983571
131 196 -0.204161714452
7 195 -0.426474455215
156 196 0.16266050802
107 197 -0.553451090367
16 201 0.273102765131
180 194 1.33619419408
19 196 0.26572296583
134 194 0.153336027885
158 196 -0.234930311676
73 198 -0.263207375742
183 196 0.179800343396
98 198 -1.46791737189
27 206 0.667870230354
122 192 2.33949050314
51 196 -0.717916019171
76 196 -0.179509503875
149 197 0.443096440241
5 192 -0.255092176551
100 194 0.246827978963
178 193 0.364834055113
125 198 -0.0168930115472
54 194 0.230876082488
131 205 0.0222621617105
132 197 0.326156827338
78 196 -0.357491685552
156 195 -0.323269948029
157 203 -0.00498838690717
103 196 -0.516769820587
16 192 -0.539689717698
180 201 0.296809875685
181 197 0.100729250531
19 205 0.0180028179598
20 197 -0.276550090014
134 197 0.0859612334439
135 201 -0.104316303293
159 199 -0.0480780018565
98 193 -0.158778155617
23 201 -0.276746174138
27 199 -0.70250876915
122 203 -0.136239444041
123 203 0.184800215742
51 205 0.400352889061
52 197 -0.153777061564
146 203 -0.103466785442
76 195 -0.120687112626
77 203 -0.0635957194801
149 206 -0.362957377607
5 201 -0.0707723242892
6 201 0.0349339464268
100 201 -0.012916495678
101 197 0.00108348504747
30 195 -0.00927814697284
54 197 -0.297216456464
55 201 0.14024102181
132 204 -0.35321350599
79 199 -0.258447370959
157 196 -0.047586772606
16 199 0.335883304725
181 206 0.133833075389
112 203 0.0803549594822
20 204 0.891673953565
41 193 -0.42108316219
135 198 -0.284181142361
66 203 0.0844236651677
159 204 -0.465695450094
147 195 -0.0173239114642
23 198 5.58135900021
123 192 -0.228314338052
52 204 -0.125477953391
146 194 -0.400488857196
77 196 0.622586512574
6 192 1.28011429009
101 206 -0.353092532108
174 193 -1.02363226804
30 202 -0.776263587457
55 198 -0.516540713535
132 203 -0.104818638043
79 204 -0.491969547344
17 192 -1.41704392122
18 206 -1.22841562286
112 194 0.402265843653
20 203 -0.496033893572
21 195 -0.346085982444
41 202 0.687753315443
66 194 0.027659200577
144 205 1.06655390133
147 200 0.00976537585952
168 195 -0.206415385211
45 206 -1.79998514783
32 205 0.0257887634425
52 203 0.116223056259
150 198 0.00451105830688
151 204 -0.133523155599
174 200 0.706058720122
30 205 0.111374595029
31 193 -0.00433301343092
126 193 -0.360898445546
64 205 0.346338632963
88 195 -0.119988212799
162 204 0.283990231498
18 201 0.0754629197823
182 198 -0.985502772534
113 205 0.667581654815
21 204 -0.0467112914277
22 202 0.519329233675
42 195 -0.225072253847
144 196 -2.11962671995
145 202 -0.704873906442
148 193 0.20096762882
168 202 0.569616861912
45 199 -0.321908313342
32 196 0.219558582601
33 202 -0.77342501782
151 197 -0.244687240084
171 196 -1.48554386179
172 206 0.586358531401
102 198 -0.254766280728
11 200 1.52290286855
175 195 0.0607606021065
31 206 0.217154303192
197 210 -1.18259566411
126 200 0.00202571384735
64 196 -0.102083986508
65 202 0.0855497407926
137 197 0.295181477158
88 202 -0.513027813937
162 199 -0.146137499157
18 192 1.03229679242
113 198 -0.165307249732
114 204 0.274736408367
22 205 0.163381430234
42 202 -0.226659205814
43 200 0.0388498964498
46 199 -0.588034815532
145 195 -0.536526552489
91 196 -0.0474978978889
92 206 0.444702410703
148 200 0.0160475748727
169 197 -0.296170778886
116 196 -0.455143827444
8 197 -1.1170705198
45 192 1.31081078835
33 195 -0.186355570278
70 200 -0.401382941539
57 197 -0.294201783523
151 194 0.374713278296
172 197 0.027271558664
11 193 -1.52691281929
175 200 -0.230870876317
160 202 0.368216637624
127 195 0.18874098246
184 192 -0.198042324345
40 197 -0.128971758056
65 195 0.127115507483
137 206 0.194555054641
138 196 0.67206445254
89 197 0.0169998422591
114 199 -0.050746958532
22 196 -0.702089626035
187 202 -0.108115114904
43 193 -0.548752145525
46 206 -0.191841658639
47 196 -1.60622970344
67 199 -0.222456747571
141 202 0.435348311649
145 196 -0.0133292692933
92 197 0.0767773569562
169 206 0.00465460054711
170 196 3.26707673645
116 195 0.210170522924
8 204 -0.803036631747
9 194 -1.40374074858
193 208 -2.46673034398
33 196 -0.133082935456
34 202 -0.307693668837
70 195 -0.182655266047
57 206 0.048385146819
58 196 -0.287723072638
173 202 -1.31781769552
11 198 1.66832340664
12 200 -0.512240989461
160 193 -0.504734497634
198 210 -2.21604565607
127 200 -0.447858045409
36 198 0.128600762237
184 199 0.0257600003568
40 204 -0.323380593891
61 202 -0.213880750715
65 196 -0.178116703912
89 206 0.386790439982
90 196 0.429618486106
187 195 -0.0689974356933
43 198 -0.41397820503
44 200 0.588652376465
47 205 0.573008678503
67 204 -0.0527396365439
68 198 1.15118687337
141 195 -1.23980200461
93 202 0.212705529968
116 202 -0.184165675093
117 196 0.418360433927
9 203 0.0819343245001
34 197 -0.328725117923
71 200 -0.546745990624
95 198 1.91307372964
136 194 0.230785776656
173 195 0.744892842255
12 199 -1.13369876962
161 206 0.455276583348
36 205 -0.0157333755167
184 206 -0.0444163680227
185 192 1.93815723473
61 195 -0.213490450176
139 204 0.191414218431
163 194 0.314181381856
188 202 -1.59368513485
44 199 0.231957695304
47 202 1.12170917332
68 205 0.320528448451
56 194 1.21949619883
93 195 -1.09209294891
166 204 0.820663145991
117 205 -0.609429960884
9 204 0.398032169818
10 194 -0.231821055987
194 208 1.70227992867
71 193 -1.03455452053
59 204 -0.457336205842
136 201 0.094855943187
83 194 0.719470615533
13 200 0.385318424443
161 199 -0.424861114991
37 194 0.139688440647
185 201 -0.2996191264
139 197 0.0010842992567
140 205 0.511881796644
86 204 0.0260178070633
15 192 0.713998630783
163 203 0.0814621291397
115 194 0.310788624798
188 193 2.54532726439
189 205 -0.88849367297
69 194 -0.151957505417
56 201 0.0335003500706
166 199 -0.133336818833
118 204 0.998587014932
10 205 0.44380766829
191 197 4.12873717313
129 201 -0.0037328016539
59 197 -0.366201549992
60 205 0.110914152884
80 206 -0.263244066668
83 203 0.189689278903
104 196 -0.439924027566
13 193 -0.847691903587
199 207 1.36442860195
37 203 0.0496796319511
38 203 0.0146034670634
186 192 -1.44287757416
140 196 -0.263027516765
86 199 -0.258553587871
15 201 0.11815697953
0 201 -0.0113977441126
164 194 -0.957020686091
111 197 0.342118644108
115 203 0.00447983959161
189 198 -0.542944139168
49 201 0.220429470725
69 203 0.280868431471
142 196 -0.481694016274
167 196 -1.30857952739
118 199 -0.55665842154
191 194 -3.085801947
35 196 0.140926653305
129 194 0.426372147886
60 196 -0.180636359073
80 197 -0.111069535209
81 201 0.040965118894
84 194 0.124690125755
104 203 -0.112650969725
105 195 -0.140827057113
38 194 1.17080536944
186 203 0.127723742322
62 196 0.0543736877872
140 195 0.421299117716
87 196 0.244569984046
0 192 -0.514587448362
164 201 -0.126248004884
165 197 -1.78069014069
111 194 0.314757444557
24 198 0.0445778265694
49 194 0.123118243856
143 199 -0.753729154377
94 196 -0.808341252721
119 196 -1.80872118609
191 203 -0.53874211126
176 203 0.0109815851558
35 205 0.856854152482
130 203 0.00686737311105
60 195 0.163635762586
81 194 0.290779552996
154 197 -0.191116698298
84 201 -0.109932311689
85 197 -0.561750157135
105 196 0.1454292666
14 195 -0.522431867112
38 197 -0.276697680167
39 201 -0.0403391110989
63 199 -0.246463136414
108 198 0.264864810987
0 199 -2.39343198577
165 206 -1.67609990999
111 203 0.154431633858
96 203 0.258960236578
24 205 1.02983127178
25 193 -0.501388072057
120 193 0.220898637565
50 203 -0.0619776638007
143 204 2.6772053384
74 197 -1.00878246244
3 195 0.837682255604
28 201 0.0934107361109
176 194 -2.30841836278
130 194 0.27842009487
82 203 0.0429945984201
154 204 0.0406139977028
85 206 0.0139922750169
105 205 -0.278802933291
106 197 -0.139101934134
14 202 3.04647549175
39 198 -0.00179895275577
63 204 -0.559165012943
109 201 -0.0225020711814
1 192 -0.601525818849
2 206 -1.62905905473
96 194 -0.0556151777502
25 202 0.0891057561552
190 193 0.465940762285
120 200 -1.20085014679
50 194 1.35617912382
128 205 0.303745891045
74 204 -1.35820492821
3 200 -1.84807756938
152 195 0.230387734403
28 192 -0.113960984705
29 206 -0.556273352908
177 205 0.210378727073
124 204 -0.17703089297
200 207 0.696463217685
82 194 0.31732858558
7 204 -0.295519666051
106 204 -0.324029937126
14 205 1.79037650111
179 197 1.6289641706
110 193 0.381556513296
133 193 0.154684307038
48 205 0.96503427295
72 195 0.547579767927
109 194 0.167619889767
2 201 0.0156743691733
97 205 -0.112284371104
26 195 -0.866915571035
190 200 -0.54945286104
121 199 -0.254766308426
128 196 -0.239218639497
4 193 -0.66612682586
152 202 -0.814080027586
99 197 0.0127440022703
29 199 0.908938820383
177 198 0.386000759342
178 204 -0.59802153348
124 203 0.13230444878
53 193 0.18362528591
7 197 -0.130009083541
155 196 -0.586715643274
156 206 -0.42181315633
179 202 -1.61826072487
180 196 0.325127716204
110 200 -0.979749922347
133 202 0.107807559586
134 200 -0.00437106601387
48 196 -1.5167860411
158 194 -0.754591468198
72 202 0.18990053492
2 192 0.318114611112
183 206 -0.0769377923276
97 198 -0.768511830374
98 204 -1.00874773646
26 202 0.955520056267
27 200 -0.0826821716941
121 200 0.122395904041
122 198 -1.72005196437
75 196 -0.52268508757
76 206 0.518933486287
4 200 -0.0379065119925
5 198 1.4702453309
153 197 -0.277852475926
99 202 0.807633288677
100 196 -0.425903612154
29 192 0.444715382197
178 199 -0.196248257246
124 194 -0.285705872702
125 204 -0.915420400242
53 202 0.16674338503
54 200 0.258747267325
131 199 0.471771238507
78 194 0.328348047537
7 194 -0.792411624205
156 197 -0.316122835514
103 206 0.0888746049773
107 196 0.205937938305
16 202 0.31145052534
180 195 -0.966118876098
19 199 -0.193326878372
134 195 -0.242861917254
158 197 0.54314579078
73 197 -0.531706006546
183 199 0.947112290304
98 199 0.596976203635
27 193 0.0442865543774
122 193 0.217146252825
51 199 0.154240123851
76 197 -0.183359600007
149 196 0.921185006826
153 206 0.0665909290879
100 195 0.0471183976856
125 197 0.0690859858061
54 195 -0.354387118874
131 204 -0.35347092973
132 198 -0.276392733507
78 197 -0.38258743571
157 202 0.438338547667
103 199 -0.290227991946
16 193 -0.77210783616
180 202 0.563796755578
181 196 0.369369564872
19 204 0.740157067256
20 198 2.70771984129
135 200 -0.286959753462
158 204 -0.03169518436
159 198 0.145993711644
73 206 -0.169934711766
23 200 0.298714172237
27 198 -0.208915273519
122 200 1.74376393628
123 202 0.568274420442
51 204 0.0166821677048
52 198 0.00877201572646
146 200 1.52437853897
77 202 -0.487780974873
149 205 -0.76375790608
5 200 2.54827334166
6 206 0.792245019773
100 202 0.266152084305
101 196 0.368503892279
30 192 -0.0166778497879
55 200 0.0776717830472
132 205 -0.321428564554
78 204 -0.418232580579
79 198 -0.197833354796
157 195 -0.136186159355
17 206 -0.294318974356
181 205 0.381796805018
112 204 -0.263146063613
20 205 1.54672442964
41 192 -0.0229577048689
135 193 -0.49402801434
66 200 0.15786755698
206 209 -1.86568830841
147 194 0.634594601202
23 193 -2.91580503323
123 195 0.0821570573475
52 205 0.189951954129
146 195 -0.392889156699
77 195 0.193609302563
150 204 -0.394104028564
6 193 0.160704642199
171 201 0.281440968712
101 205 -0.555277535437
174 198 0.754482858703
30 203 0.0360052960423
55 193 0.391668077634
17 199 2.03606761538
182 204 -0.465279907546
112 195 0.0598273771305
113 203 -0.0354082494562
21 194 -2.19900685789
41 201 0.0807315225883
66 195 -0.0912270684477
144 206 1.03462824826
91 201 -0.0734375919413
147 203 0.269548425033
168 196 -2.33033732472
45 205 -1.09257001204
32 206 -0.395495940264
150 199 0.336574546033
171 206 1.14549413741
102 204 -0.111717034131
174 201 0.295483175188
175 197 0.297138731831
31 192 -0.0321971418696
126 198 -0.339625576442
64 206 -0.676917108232
137 195 0.25109721163
88 196 0.162102944361
162 205 -0.0803090493957
18 198 -2.7017171606
182 199 -1.01549883211
113 204 -0.241968349856
21 203 0.280237426716
22 203 -0.131773589763
42 192 -0.0378822154661
144 197 0.376120641565
145 201 0.190372540044
91 206 -0.57106655316
148 194 0.249970554945
168 203 0.101596282543
169 195 -0.402017054778
45 198 -2.55653726963
32 197 -0.121243507034
33 201 -0.155137436999
57 195 -0.0976929427924
151 196 -0.232254702928
171 199 0.567801599106
102 199 -0.330726271705
11 203 -0.300930168551
175 194 -0.0348646835793
31 201 0.115801456687
197 209 0.753480801708
126 201 -0.0265311001658
127 197 -0.0468358583053
64 197 -0.797626160561
65 201 0.0720716613726
137 196 -0.0921061649391
88 203 0.0793734990098
89 195 0.335646826583
162 196 0.290680388295
18 193 0.0143906328851
113 197 -0.0508666911037
114 205 0.144364433637
22 194 -0.515009976519
42 203 0.0886916787421
43 203 0.155733215933
46 196 -0.227819949899
67 193 0.474699057868
145 194 0.34322651673
91 199 0.536101792114
148 201 0.0870597326336
169 196 -0.0657643075932
116 197 0.0482471452071
8 198 1.40422041386
33 194 -1.0761434757
70 201 0.141521310777
57 196 -0.276206926329
172 198 -0.474818386659
11 192 -1.32048831464
175 203 0.191532288904
160 203 0.0823613274274
127 194 -0.289060842467
184 193 -0.103495528434
40 198 -0.0603690124642
65 194 0.990690041945
137 205 0.165454838459
138 197 -0.0605886687531
89 196 -0.0861628537803
114 196 0.619083853565
22 197 0.102786535356
187 205 0.567643369897
43 192 -0.111853686498
47 199 0.0147644424095
67 198 -0.198797604466
141 201 0.0238545009575
92 198 0.653692221139
169 205 -0.920995553334
170 197 0.655233428645
116 204 1.12138332478
8 205 0.160412403013
9 193 0.018364145259
34 203 -0.00984756208158
70 192 -0.507882329757
57 205 0.240508339548
58 197 -0.495187828518
173 201 -0.34381218383
12 201 0.0154445335558
160 194 0.225672143632
127 203 0.0760262880362
36 199 -0.540629136056
184 200 -0.510201231263
40 205 0.379903911253
61 201 0.102413504015
138 204 -0.033535039873
89 205 0.580080142711
90 197 -0.342667225109
187 194 -0.0851285499278
188 204 1.21352241331
44 201 -0.00374620181121
47 204 2.14947520864
68 199 0.33866145498
141 194 0.244995027639
93 201 -0.0315172967578
166 202 0.157386177118
170 204 -1.98002606246
116 203 -0.12215728563
117 195 -1.1054380054
9 202 -1.51726841426
34 194 -0.379386964848
71 203 -0.358332889773
58 204 -0.206657177745
95 193 -0.126097865996
136 195 -0.0457517426497
173 194 -1.97946504908
12 192 0.904238967548
13 206 -0.0588750508861
161 205 -0.0121007164266
36 206 -0.0331576595764
185 199 -1.15161823524
61 194 0.422583655378
86 202 -0.483602797441
90 204 -0.210766563417
163 197 0.0125638303649
188 203 -0.191919844111
44 192 -0.443789253978
68 206 0.673734564398
56 195 -0.285698564065
93 194 0.155452312198
166 205 0.201605920661
117 204 -0.0393690045482
118 202 -0.175328160376
10 195 -0.311818368174
194 209 -1.59182503235
71 192 -1.58112031501
95 206 2.36025181176
80 200 -0.3277637198
136 202 0.437161387767
83 197 -0.786952369274
13 199 0.233023730066
161 198 0.414379340532
199 209 -0.781435304948
37 193 -0.303271078268
185 200 -1.22063608434
186 198 0.483889614131
139 196 0.203246852235
140 206 0.187302251963
86 205 0.625855042925
15 195 0.433624695248
163 202 0.330141336518
164 196 -0.623865293926
115 197 -0.0681911765326
188 194 -2.91320523337
189 204 0.409656988428
69 193 0.155402294149
142 194 -0.019205453701
56 202 -0.00703670975905
166 196 -0.381790836145
167 206 1.84976836106
118 205 0.247253233149
10 202 -0.0334999396699
191 196 -1.74981636929
129 200 -0.0943738733811
59 196 -0.387631948178
60 206 -0.253438650494
83 202 0.222232103212
84 196 -0.326793948987
104 197 -0.365473988665
13 192 -0.613205381185
37 202 -0.100925396571
38 200 0.705976543762
186 193 -0.645259000094
62 194 0.932798853106
140 197 0.411208077726
86 196 -0.379915662924
87 206 -0.40220206851
15 200 -0.731774625047
0 202 -1.54857694878
164 195 1.0116912511
111 196 0.328480897615
115 202 -0.184171554888
24 192 -0.99358755557
189 197 -2.18845434095
49 200 0.162523263163
69 202 0.590484280974
142 197 0.195762118251
94 194 0.377453924035
167 199 -1.06963376931
118 196 -0.805453269307
119 206 2.74290926338
191 205 2.07120124712
35 199 0.384922397272
129 193 -0.257409058318
60 197 -0.327763493755
80 198 -0.296862992616
81 200 0.116949055357
84 195 -0.0867170783805
104 204 -0.493659334979
105 194 -0.210387312315
38 195 -0.34925672972
186 200 0.909377742837
62 197 -0.253125384936
87 199 -0.283042977524
108 200 -0.385613430158
0 193 -0.143911579374
164 202 -0.432805369511
165 196 0.614972065542
111 205 0.619903920614
24 199 -1.67048014055
49 193 -0.27340422793
142 204 0.757154120407
143 198 1.61087480016
94 197 0.227806544964
119 199 -1.05127383706
191 202 -2.84605593454
176 204 -1.2572765232
35 204 -0.574401271318
130 200 -0.383046597953
81 193 -0.505422514746
154 194 0.0912273349663
84 202 -0.16034996566
85 196 -0.236904571419
105 203 0.0127520341175
14 192 -1.34021261598
39 200 -0.172647089726
62 204 -0.141044043564
63 198 0.0276330936028
108 199 -0.506511833808
1 206 0.109183016935
165 205 -0.57588636173
111 202 -0.0556516022543
96 204 -0.0558532331299
24 206 1.01979980906
25 192 -0.29098580225
120 194 -0.317650975048
50 200 2.26894029828
74 194 1.05039194505
94 204 0.00226122800342
3 194 -1.30627812889
28 202 0.01130644182
176 195 1.06237292895
177 203 0.0767357534796
130 195 0.025918854066
82 200 -0.293623267461
154 205 0.57729209174
155 201 0.020398056462
85 205 0.249433117966
105 204 -0.490296404085
106 194 -0.166960213259
14 203 -0.260258313228
192 209 0.850826314957
39 193 -0.169474941881
133 199 0.0777400101582
109 200 -0.876693965364
1 199 0.221730478578
96 195 0.365661656729
97 203 0.124860958776
25 201 0.128031262007
190 198 -0.51697850094
120 201 -0.116218990426
50 195 -0.648454013802
128 206 -0.551907123546
74 205 -3.12612732281
75 201 -0.030280447884
3 203 0.309913116005
152 196 -0.0912029183925
28 193 -0.173514391045
29 205 -0.649980523148
177 204 -0.0877061516706
124 205 0.385016035777
53 199 0.255500291719
82 195 -0.338436931913
155 206 -0.0558534464659
106 205 -0.341551119277
107 201 0.351694057273
179 196 -0.147848030868
110 198 -0.718053828741
205 210 -1.70344422584
133 192 -0.27193133145
48 206 1.15487244682
72 196 -1.49079602954
109 193 0.146490958007
2 198 0.820040196741
97 204 -0.438240082791
26 192 1.10076924547
190 201 -0.104881514432
121 198 -0.693504462428
128 197 -0.271130315768
75 206 0.937242590091
4 194 -0.548166342939
152 203 -0.0195072620692
153 195 -0.112745343907
99 196 -0.507308010707
29 198 0.316743704576
177 197 -1.06424315518
178 205 0.52080451677
124 196 -0.392831458142
53 192 0.490884193512
201 207 -1.79173388489
131 193 -0.468105212707
7 196 0.0812664201731
155 199 -0.210138542645
107 206 -0.491741875348
179 205 1.10153049767
180 197 -1.27505195225
110 201 0.32004622199
19 193 -0.840157523249
133 201 0.0837820768537
134 201 0.1929689667
48 197 0.475632032515
158 195 0.263998421332
72 203 0.228483408514
73 195 -0.540272381339
2 193 -2.36684929333
183 201 0.29549368687
97 197 -0.778266998189
98 205 -2.4023688382
26 203 -0.362943612775
27 203 0.102452888631
122 199 0.492476145759
51 193 -0.108618326601
75 199 -0.158495287044
4 201 0.148318292476
5 197 -1.44227269999
153 196 0.0444468269078
99 205 0.198792145328
100 197 -0.0638591925411
178 196 -0.0123830433467
124 195 -0.0605894271013
125 203 -0.157098613523
53 201 0.0510651055335
54 201 -0.0506270908005
131 198 -0.162281403585
78 195 -0.433489619198
156 198 0.199570425286
103 201 -0.0409485876878
107 199 -0.0935972763132
16 203 0.146561312286
180 204 0.226137441508
19 198 -0.64561783933
134 192 0.0909842329062
158 202 -0.600232372826
73 196 0.172872370822
183 198 1.03120896473
98 196 2.57977307622
27 192 -0.107298861343
122 206 -1.28352078344
51 198 0.486792107412
146 206 -1.20910639225
76 198 -0.274549292471
149 195 0.339796486723
5 206 -1.25683346794
153 205 0.263704160013
100 204 0.152765753504
125 196 0.7403699288
54 192 -0.0497891406174
132 199 -0.082616203335
78 202 0.0591352140045
157 201 -0.0253736760861
103 198 -0.347483320618
16 194 -0.369889606292
180 203 0.0411335866875
181 195 0.102722462429
20 199 1.5794639392
135 203 0.103198083431
66 206 -1.10836589863
158 205 0.579430764715
159 193 -0.49893363216
73 205 -0.602847054292
23 203 -1.07767583068
122 201 -0.0147735777946
123 205 0.3360496623
52 199 -0.0132858875392
146 201 -0.0126200861707
77 201 -0.0261895333976
149 204 -0.800502898903
150 202 0.340127915848
100 203 0.0817908639905
101 195 0.22495353435
30 193 0.272712533228
55 203 0.059494207531
132 206 -0.372096960939
78 205 0.425719660421
79 193 -0.127161677919
157 194 0.0492496471803
17 205 1.50979001381
181 204 -0.0614660937225
182 202 -1.70383318777
112 205 0.598780382415
20 206 0.572130583533
41 199 0.135109159318
135 192 -0.371245015599
66 201 -0.194590326982
159 206 -0.249744915689
144 200 -1.21921365358
147 197 -0.00492851098333
23 192 -2.92634182079
123 194 -0.00294159380263
32 200 0.80798530818
52 206 0.209772914068
146 192 3.04202904197
77 194 0.646372798104
150 205 -0.0834739379777
6 198 -1.47405435319
171 200 0.0309187877205
101 204 -0.371891577018
102 202 0.267961707391
174 199 1.06091147464
30 200 -0.313610722194
196 208 0.530197846591
55 192 0.206107341044
79 206 0.144439482283
64 200 -0.177401115041
17 198 2.16255847004
18 204 0.661474977495
182 205 0.906873953909
112 196 0.306305531338
113 202 -0.300820529513
21 193 -0.0925652337581
41 200 0.365959077864
42 198 -1.17894571147
66 192 -0.109476885266
91 200 0.0180892685217
147 202 0.0439507805498
148 196 -0.401087479084
168 197 -0.261875642144
45 204 -0.549233285792
150 196 0.164340692379
151 206 -0.0560783936917
171 193 -0.690877178445
102 205 0.100169977424
174 206 0.43942706848
175 196 -0.170363744724
31 195 -0.0959863771207
126 199 -0.420783578929
137 194 -0.0561813166925
88 197 -0.183813075463
162 202 0.275043810668
18 199 -1.28195113746
182 196 0.0667951167687
113 195 0.132900210958
21 202 -1.05840791685
22 200 -0.424539871061
42 193 -0.286550973981
46 194 0.132566308733
144 198 1.15462492959
145 200 0.0852619702338
91 193 -0.00149995202821
148 195 -0.108104221115
168 204 -0.538373570675
169 194 0.114023853255
8 192 -0.665914578235
45 197 -0.808208246813
32 198 0.50156561982
33 200 -0.0571251121193
57 194 -0.00469774610538
151 199 0.274516856866
171 198 0.844659596658
172 200 -0.150079719036
102 196 -0.274187341847
11 202 2.81741637341
175 205 -0.153761910264
31 200 -0.0872621973622
197 208 0.877554436238
126 206 0.230267706911
127 196 -0.629611782359
40 192 -0.123660713191
64 198 -0.0575952829889
65 200 -0.219133467274
137 203 -0.0469873018844
88 204 -0.0610297167185
89 194 0.304927054092
162 197 -0.638099551578
113 196 0.155076150319
114 202 0.0465416166508
22 195 -0.0345063526096
42 200 0.0783699898778
43 202 -0.112593784347
46 197 0.082442107884
67 192 -0.105325171454
145 193 0.195646738658
91 198 0.117770433646
92 200 0.441275425164
148 202 -0.386906907568
169 203 0.0933709626076
116 198 0.302130962551
8 199 2.27215773589
195 209 0.656090727563
33 193 0.431754094322
70 206 -0.108394921781
57 203 -0.197353439608
172 199 0.16041512192
11 195 -0.950226505965
175 202 -0.299669010467
160 204 -0.201891404442
127 205 0.515093524516
184 194 -0.117379343418
40 199 -0.426662310719
65 193 0.0175370684922
137 204 -0.140671757872
138 194 0.0230399418315
89 203 0.0356564352263
114 197 -0.121113001796
187 204 0.674746587074
43 195 -0.153362291395
46 204 0.437742890116
47 198 3.62779744093
67 201 -0.00176674702581
141 200 0.615458134251
92 199 0.639869700922
169 204 -0.801677800495
170 194 -2.01874042286
116 205 0.767798703081
8 206 -0.92476757824
9 192 0.589691262573
34 200 0.166866940693
70 193 -0.2781275665
71 205 0.875186898901
57 204 0.402215882309
58 194 0.242000777924
173 200 -0.0784365736322
12 202 -1.18385765449
160 195 -0.10104283603
161 203 -0.0519560406002
198 208 0.893130308848
127 202 -0.0916992225607
36 192 0.199632980065
184 201 0.0980041029516
40 206 -0.2934597813
61 200 0.0884262634295
138 205 0.06048933373
139 201 0.0358816970977
89 204 0.424080064042
90 194 0.539493790896
187 197 -0.121137685168
188 205 1.64487053254
44 202 0.823317016655
67 206 -0.605445598449
68 192 -0.144421163331
141 193 0.193715255447
93 200 0.363714085748
166 203 0.0620395455446
170 205 -3.11351061444
117 194 0.402536009108
9 201 -0.0102675167662
34 195 -0.565832735676
71 202 0.356969379982
58 205 0.516225681483
59 201 0.0198753055992
95 192 -0.967486950838
136 196 0.147295918467
173 193 2.61032148507
12 193 -0.00586839981589
13 205 0.835257080515
161 204 -0.0336798615576
37 199 -0.266273895773
185 198 -0.356473655338
61 193 -0.357986993892
139 206 -0.444627590468
86 203 0.127539161726
90 205 -0.550343672219
15 197 0.560330992691
163 196 -0.101303697975
188 196 -0.710363350265
44 193 -0.933497675576
69 199 0.70907707302
56 196 -0.0234315217076
93 193 0.682005186901
166 194 0.0519752039174
117 203 0.435260364142
118 203 0.232180080829
10 192 -0.695518921567
71 195 1.50507044258
59 206 -0.374529723344
95 201 -0.156501687427
80 201 -0.0328222155739
136 203 0.129291730912
83 196 -0.261075257992
13 198 0.202986150834
161 197 1.17696207347
199 208 -1.44571668515
37 192 -0.127926082338
186 199 1.1272708805
139 199 -0.222301773801
86 194 0.523523157354
15 194 -1.28401790942
163 205 0.07856928393
164 197 1.28036664891
115 196 0.11469488615
188 195 2.32411649628
189 203 0.130962007936
69 192 0.59254707946
142 195 -0.0428440922338
56 203 0.00763641713007
166 197 0.00939679899009
167 201 -0.358840370541
118 194 0.483616448445
10 203 -0.066509371439
191 199 -2.02462167123
35 193 -0.19534907715
59 199 -0.0886346039399
80 192 -0.0684135160189
83 205 0.177874728742
84 197 -0.259689608633
104 198 -0.279466122199
37 201 0.112081482476
38 201 0.193496815576
186 206 -0.890269072765
62 195 0.0291501863367
140 198 0.212780976198
86 197 -0.535727785501
87 201 -0.201888737961
15 203 0.308420178121
0 203 0.209444384152
164 204 0.987256909403
111 199 -0.302528248044
115 205 0.130104855006
24 193 0.0691142475281
189 196 0.774818326324
69 201 0.0993312375551
142 202 0.014248724085
94 195 -0.024579419721
167 198 1.2197709821
118 197 0.166924149119
119 201 0.0013041401994
191 204 2.69333856814
35 198 0.132326448322
201 210 -0.941538309827
129 192 0.153553284822
130 206 -0.174150146396
60 198 0.161809344986
80 199 -0.30478186103
84 204 -0.0435577828633
104 205 0.144790185208
105 193 -0.0149901949832
38 192 0.301908978881
186 201 0.229207052323
62 202 -0.346090695453
87 198 0.0954800828928
108 201 -0.146491090866
0 194 -1.59702944636
164 203 -0.211690717494
165 195 -1.87065376367
111 204 -0.424442338701
24 200 -1.79182215404
49 192 0.204634236632
50 206 -1.10384851587
142 205 0.26265727355
143 193 -0.305761934534
94 202 0.141444550017
119 198 1.55282663485
28 204 -0.291728921625
176 205 -0.0572393363903
130 201 0.00595097265122
81 192 -0.07585239257
82 206 -0.342429732867
154 195 -0.20578263678
84 203 0.106980765172
85 195 -0.270575742178
105 202 0.176666657472
14 193 -1.23003903396
192 208 -1.71198755405
39 203 0.0783229834781
62 205 0.386452156021
63 193 0.173617596757
108 192 -0.11068914853
109 206 -0.211548334503
1 205 -1.02462569841
165 204 -0.00762393439301
96 205 1.36414810378
25 199 -0.409138641634
120 195 0.981879278594
50 201 0.15964632166
143 206 2.1264131148
128 200 0.14232189521
74 195 -0.871345971726
94 205 0.0149481887249
3 197 0.867588188161
28 203 0.18181061737
176 196 0.204781265796
177 202 0.467420760624
202 210 -2.36321015459
130 192 -0.129622997859
82 201 0.130038490405
154 202 -0.117622762137
155 200 -0.471293215559
85 204 -0.0439087647165
106 195 -0.252408137181
14 200 1.63361550956
39 192 -0.123530396168
133 198 -0.318665719953
63 206 -0.670467622331
48 200 -0.989571122668
109 199 -0.379682183662
1 198 -0.20702607895
2 204 -2.22408001324
96 196 -1.60312921192
97 202 -0.0110692261094
25 200 -0.208817962386
26 198 -0.0633001524373
190 199 -0.341456942207
120 202 0.196020714778
50 192 1.79869320335
74 202 -0.650832857453
75 200 0.0247804010744
3 202 -1.42350273952
4 196 -0.336176740334
152 197 0.139946431707
28 194 -0.287397786768
29 204 -0.531490952467
177 195 -0.804967886038
124 206 0.233231571946
53 198 0.264611803485
82 192 0.0113931323723
7 206 0.146196743412
155 193 0.263092026593
106 202 -0.354535103638
107 200 -0.335552426059
179 199 -0.779367791066
110 199 -0.416759799657
205 209 1.83726013838
72 197 0.591198100512
109 192 -0.390341549396
2 199 3.57826252403
97 195 -0.632256276879
26 193 -1.54791117394
190 206 -0.409863956921
121 197 -0.197416734011
128 198 -0.183442118662
75 193 0.402428670196
4 195 -0.278110444131
152 204 -0.210006705323
153 194 0.786617558533
99 199 -0.394071298813
29 197 -0.24308056175
177 196 -0.0780492410188
178 202 -0.463739584185
124 197 -0.207714073863
131 192 -0.130781642421
7 199 0.0799762190167
155 198 -0.19819934702
156 200 -0.0635856503803
107 193 -0.524367583559
179 204 -1.27480743004
180 198 0.269461093379
110 206 -0.196149175566
19 192 -0.35561122959
133 200 -0.274853089346
134 206 -0.428967928181
48 198 0.630241507985
158 192 0.243224435709
72 204 -0.513760236113
73 194 0.284387355699
183 200 0.383251792469
97 196 -0.027158697212
98 202 -0.86503041438
26 200 2.25884705672
27 202 -0.451478542621
121 206 0.106897460122
122 196 2.79813647054
51 192 -0.486926907603
75 198 0.0692283068227
76 200 -0.111035591016
4 202 0.574256551079
5 196 0.745001989718
153 203 0.0191180758253
99 204 0.0842632159502
100 198 -0.469540239268
178 197 0.14597623233
125 202 -0.293376332005
53 200 0.546360528439
54 206 0.362497688875
202 207 1.83607942619
131 201 0.149599258878
78 192 0.333423628451
156 199 0.0414616437742
103 200 -0.271754351621
107 198 -0.893836159086
16 204 0.269085607328
180 205 -0.132431654437
19 201 0.193944892959
134 193 0.475490126975
135 205 0.382648423758
158 203 -0.135187746457
73 203 0.150942706253
183 193 -1.28530954568
98 197 -1.29034769521
23 205 1.83766228545
27 195 0.129935767089
51 201 0.142681669686
76 199 -0.0804444703053
149 194 -0.528705333919
5 205 -1.01893869661
153 204 0.152057946981
100 205 0.000692976247045
125 195 0.304987049775
54 193 0.371630874966
55 205 0.116283950555
131 206 -0.290837373735
132 192 -0.2643561813
78 203 -0.0794628656265
157 200 -0.482251303075
103 193 -0.128391900523
16 195 -0.204321031975
17 203 -0.221453298327
181 194 -0.208263760575
19 206 -0.683587815871
20 192 -1.57926018389
135 202 0.273697844973
159 192 -0.338561569391
73 204 -1.01997626289
23 202 2.80255036888
123 204 -0.2285323505
51 206 0.602245408208
52 192 0.0095005086407
146 198 -1.68327698377
77 200 -0.0298791996544
149 203 -0.161298040267
150 203 0.275497867158
6 204 0.182676135903
101 194 0.629199841549
30 198 0.095845955907
55 202 -0.763346554094
79 192 0.194742245635
157 193 -0.0302418125158
17 204 -0.309612733686
181 203 0.0499978743744
182 203 -0.0579685756155
112 206 -0.358768145124
21 199 -1.16808499635
41 198 0.5243264195
135 195 0.00722277481548
66 198 -0.717969053467
159 201 0.0802477889112
144 201 0.177465877757
147 196 -0.758927987374
23 195 0.705465805004
123 197 -0.0709219955104
32 201 0.0167268125723
206 208 1.34569389177
146 193 1.13549273114
77 193 0.0976563571438
150 194 0.875385201595
6 199 -1.66734987975
171 203 0.0626957503434
101 203 0.000113475544986
102 203 -0.0242672881188
174 196 -0.400884069242
30 201 -0.0468831287752
31 197 -0.0228720408967
196 209 -1.53052519203
55 195 -0.371848676491
79 201 -0.0951428525614
64 201 0.0403521476899
17 197 -0.631097745792
18 205 -0.637807648271
182 194 -2.44541671598
112 197 0.0479334628231
113 201 0.245639264983
21 192 1.96434709259
42 199 -0.794446350362
66 193 0.557789994361
144 192 -2.50714024409
91 203 0.042488622868
147 205 0.221868682342
148 197 0.0169489822361
168 198 1.26996705395
45 203 0.307582802694
32 192 0.190110669373
150 197 -0.593337735104
151 201 0.258428814091
171 192 -2.4387946897
102 194 0.100984305418
175 199 0.105284345891
31 194 0.00291187192569
126 196 -0.235524708426
64 192 -0.40133446382
137 193 0.0590572948202
88 198 0.024491563872
162 203 0.121584488514
18 196 0.986914980568
182 197 1.77830528196
113 194 0.133157491808
21 201 -0.00223307509642
22 201 0.0875656205045
42 206 -1.27857712597
206 207 -1.50026297743
46 195 -0.161680792473
144 199 -0.645311866435
91 192 -0.414953148086
148 204 -0.293369007145
168 205 0.559701968313
169 193 0.678029824873
8 193 -1.52845704868
45 196 0.560878018478
32 199 0.65646682765
57 193 -0.0785116692197
151 198 0.0522940687584
172 201 0.127684288639
102 197 -0.331131740244
11 205 1.15832357247
175 204 -0.353602547193
31 203 0.0947833375572
127 199 -0.412422241691
40 193 -0.286744841298
64 199 -0.0655893607725
137 202 -0.0268244807746
88 205 0.134559166379
89 193 -0.211090516443
162 194 0.960679010319
114 203 0.0530627702298
22 192 -0.648768420031
42 201 -0.222614894176
43 205 -0.122113258336
46 202 0.188088061732
67 195 0.0103508865835
141 206 -1.73310979198
145 192 -0.355048979709
92 201 0.110248682896
148 203 0.133661979785
169 202 -0.972771808278
116 199 0.263029278942
8 200 1.92631031946
195 208 0.921203828348
33 192 0.28259387036
34 206 0.0370545582201
57 202 -0.238421724806
172 192 -0.364535665588
173 206 -0.731388636621
11 194 0.64447970103
12 204 0.14220220107
160 205 -0.314432966871
127 204 -0.0433937944265
184 195 0.103984931838
40 200 0.0748329033122
61 206 -0.475654100264
65 192 -0.242665044064
138 195 -0.16154834876
89 202 -1.04155505746
114 194 0.339089307783
43 194 -0.0445758664198
44 204 1.01339709349
46 205 -0.548566398313
47 193 -2.15197578584
67 200 -0.0776587751332
141 199 0.530209363456
92 192 -0.219743186999
93 206 -1.3425175176
170 195 0.33965476451
116 206 0.313506322261
9 199 -1.43044548109
34 201 0.0849123302346
70 198 -0.0224559434308
71 204 2.43720263753
58 195 -0.355127197406
173 199 -0.338834349903
12 203 0.171349074339
160 196 0.176992620269
161 202 -0.361118028993
198 209 -1.91189157055
36 193 0.162575213884
184 202 -0.319642044445
61 199 -0.261643020645
138 202 -0.306000267696
139 200 -0.253897928131
90 195 -0.428217472689
187 196 0.0927781161755
188 206 0.714967504626
44 203 -0.208353152925
47 206 2.45316034648
68 193 0.0320992945071
141 192 0.409982431566
93 199 0.611092729543
166 200 -0.303011125553
170 202 -2.67183036657
117 193 0.0747848719692
9 200 -0.996534912222
10 198 -0.15901824499
34 192 0.216249735843
71 197 1.57429786252
58 202 -0.0295813059051
59 200 -0.209486561966
95 195 1.68607693922
136 197 0.0735159718327
173 192 2.95125944953
12 194 -1.21014091971
13 204 -0.212153048552
161 195 0.85718231166
36 200 0.261822028576
37 198 -0.0427507532928
185 197 2.41922729819
61 192 -0.369751929942
139 193 -0.202141275098
86 200 -0.695064370398
90 202 -0.288703805318
15 196 0.814500008123
163 199 -0.210186246605
188 197 2.48703735492
44 194 0.935260293593
68 200 0.435594421677
69 198 -1.76408489423
56 197 -0.260189358672
93 192 0.967266155832
166 195 -0.281062807965
117 202 0.444972631089
118 200 -0.655485476233
10 193 -0.939489249024
71 194 1.36818792702
59 193 -0.153013835891
95 200 -1.0860975686
80 202 -0.301969774431
136 204 -0.114844860317
83 199 -0.223936727389
104 192 -0.145854764695
13 197 -0.145998231654
161 196 -0.181942620543
185 206 0.126720482872
186 196 0.421442960304
139 198 -0.384101591895
140 200 -0.0214064626755
86 195 -0.0408189065604
15 205 -0.640269282442
163 204 0.422797730719
164 198 0.310596750558
115 199 -0.134987913094
189 202 0.187624634708
142 192 -0.379300413946
56 204 -0.36257426048
167 200 -1.09429433168
118 195 0.0329668456524
10 200 0.25281131686
191 198 0.457569140868
35 192 0.515136284485
129 206 0.0170234588162
59 198 -0.0113837119737
60 200 0.385732936695
80 193 -0.501895880297
83 204 -0.999784664522
84 198 0.0614943973103
104 199 -0.0395794700674
37 200 0.307455936201
38 206 0.0248968634838
62 192 0.032082816534
140 199 0.0343179875307
87 200 -0.616812514184
15 202 -1.28171777637
0 204 -0.465479009058
164 205 0.740440088727
111 198 0.0961920184782
115 204 0.773677284233
24 194 -0.992139416279
189 195 -2.06042916053
49 206 -0.0607433299448
69 200 0.799964029164
142 203 0.0772903523616
94 192 -0.240039917993
167 193 0.601237830303
119 200 -0.984789985653
35 201 0.00827136950572
201 209 -1.73348266465
129 199 -0.118625876623
60 199 -0.29749523467
81 206 -0.17853745545
84 205 0.0390537271053
104 206 -0.476866117949
105 192 0.0248747954712
38 193 -0.388073070931
39 205 0.20606530403
62 203 0.133859901006
87 193 -0.103598873426
108 202 -0.0481364987447
0 195 1.02225623494
1 203 0.0167678675765
165 194 1.04548762035
24 201 0.0176248773639
49 199 -0.290612211418
143 192 -0.824513694932
94 203 0.118962646927
119 193 -0.461194162844
28 205 -0.110347173408
176 206 -0.720745972888
35 206 -0.268914401163
130 198 -0.334200851719
81 199 -0.193792197226
154 192 0.214450617224
85 194 0.197768569007
105 201 -0.025972533916
14 198 2.23764114848
39 202 -0.433876950146
204 208 1.18257154101
63 192 -0.354785241408
108 193 0.303204487115
109 205 0.208911560982
1 204 -1.42289518509
165 203 0.181807108279
96 206 1.27285171671
25 198 -0.295950929381
120 196 -1.79670051868
50 198 -0.235276897329
143 201 -0.00104996767713
128 201 0.0469585088729
74 192 1.69445224447
3 196 -0.185759757345
28 196 -0.337469208292
176 197 1.76087764182
177 201 0.273580759155
130 193 -0.305118665604
82 198 -0.218928135308
154 203 0.00384392403342
155 203 -0.0628045716665
85 203 0.0439462480922
106 192 -0.0983593505382
14 201 0.0533465371649
179 193 2.6140761305
39 195 0.297600574619
204 207 -1.75099379747
133 197 0.123457308334
63 201 -0.0264153706727
48 201 0.0525656936215
109 198 0.0218258993461
1 197 -0.467084414636
2 205 -2.95398709728
96 197 0.393665134325
97 201 0.0625422398207
26 199 1.54773022298
190 196 -0.353829172099
120 203 0.184628121681
121 195 -0.105840133348
50 193 -1.10128669975
128 192 0.21986159488
74 203 -0.13221111043
75 203 0.134517614749
3 205 -0.291832009326
4 197 -0.264984918748
152 198 0.273945918471
99 193 0.439049923406
28 195 0.178120256671
29 203 -0.0661468449527
177 194 1.40062235814
53 197 0.122708787281
82 193 -0.364492903388
7 201 0.200501386497
155 192 0.575754387065
106 203 -0.038636723447
107 203 0.123504338765
179 198 -1.65315578725
110 196 -0.376049452134
205 208 -0.335836148616
133 206 -0.50878489349
48 192 -1.09984193502
72 198 0.740129256373
2 196 2.02068118712
97 194 0.176423261505
26 206 -1.0807131544
121 196 0.045219460086
128 199 0.0249619260228
75 192 -0.112038109366
4 204 -0.82452512337
152 205 0.203505020248
153 193 -0.231753979917
99 198 -0.0582827990759
29 196 0.684580573773
178 203 0.0575335566199
124 198 0.0022098121173
53 206 -0.62446265142
203 209 -0.723447756015
131 195 -0.0286090986539
7 198 -0.158706114754
156 201 -0.0216960017338
107 192 -0.205334898565
180 199 0.987515170438
19 195 -0.163317796603
48 199 -1.05146826816
